NUMBER X_IMAGE Y_IMAGE mean med std sky
10981 1318.3895 2985.3862 900.1326251812837 897.9797681323475 6.267362362428277 885.9682776583422
10985 609.3795 2999.0608 915.7321480283642 913.0238168715322 10.992430192537062 886.6191977945011
11154 1078.7504 2988.9346 902.8621722852512 903.4354168222333 5.741693336440454 888.034333124112
11228 924.9524 2979.1204 927.7678907806888 916.8474127084921 23.784576349191596 886.1318595945438
11293 1734.4144 2961.5969 1113.5693451900315 1113.3761317852063 55.401370835599494 887.4765126444835
11360 1105.9899 2966.5188 952.0381388540599 946.0660318877585 33.56389532552484 888.4727757033792
11383 1008.5241 2901.5034 909.9829485226036 909.659068147179 10.559529437006464 887.3665988834629
11411 1819.568 2965.5864 898.6029392847967 898.234035323094 3.8599856415389793 886.4058008759744
11471 1348.5474 2949.1829 911.0099621479523 909.8721790616814 8.255963539543018 885.3833350383957
11478 1939.9355 2943.9451 1494.342791863631 1480.0043399320089 136.41612959676803 887.9360726145436
11489 1250.8956 2958.4207 891.5075540448878 891.7232951931318 3.4615714069555623 885.4590663623983
11496 1020.6262 2919.1272 1091.8632981970468 1062.290088988062 79.52002085612075 888.5868325131822
11615 1200.2314 2945.3979 901.012801257721 901.2947451880691 4.37120665018295 886.5138383898177
11681 1580.9316 2929.5317 1022.2136522308944 1007.7010432028728 50.99445260320134 886.7679461789264
11882 1542.4515 2909.9722 997.6157896602438 996.4116879834447 28.70472073552707 886.0356129935037
11963 1991.5035 2904.0283 903.22659483371 902.7459710652133 4.999422913024701 888.2715941316495
12001 1085.0522 2906.8213 896.3513901049694 895.7186454467751 5.0748865544529425 888.7151397346846
12238 1128.0103 2880.3435 898.8068818917327 898.7064222562865 4.771766450762939 886.7201084486986
12241 867.1756 2863.2869 1080.4854833372913 1077.6385300547706 55.281500371490154 886.6127649781944
12251 1400.215 2872.2051 926.4759940939099 923.8482791687782 13.4960135796926 884.9830504248051
12288 1853.0905 2873.3447 920.8136551241556 918.2589882445609 8.728695519391959 886.8219617510993
12328 888.5053 2862.78 899.0371163242932 899.150291268607 4.206436366222359 886.6233605633342
12383 1599.9525 2861.6609 927.2448682304158 924.5485595699505 18.34813482669901 885.8479528066766
12384 782.5391 2860.8938 953.5030424417723 951.102353878068 16.673687389760147 886.8094451891917
12503 1226.2014 2850.98 906.7179938311607 905.4825584897646 9.03153605153887 885.9458841315122
12531 1089.9551 2842.1865 894.994701249395 895.0861736346916 5.0439367086127085 886.456773917284
12774 1047.6853 2850.644 902.9525501636924 901.79373294196 6.866679394167249 886.8783414113925
12797 1497.9969 2826.1128 910.5516669392788 907.9903345766161 15.526124019163088 885.3440689970091
12799 1013.3437 2825.8997 910.496548348014 907.3766640430804 12.435651959127318 885.9578225560608
13161 680.2413 2792.6121 913.328493146881 909.0387678548823 16.011102245315044 886.5159704688822
13193 1003.1182 2783.6414 906.1330361570854 905.2679712043671 10.201963995495452 885.3567568180547
13197 1711.0043 2787.0637 906.8004112916519 902.3820445864228 11.09141805595554 885.551862221774
13231 1433.7734 2777.4829 933.0073562244023 931.8922631633959 11.79316555750269 885.0968985023114
13305 1799.7428 2771.6387 923.6978898387299 925.4396490918285 12.162179939423918 886.1049518566452
13313 1514.1965 2775.3125 904.8709721476177 903.1779017473909 5.794577352974781 885.052104437775
13401 1605.3907 2766.6694 902.0137218300404 898.2828791712728 11.352010734592408 885.1264868631995
13435 1133.4686 2781.0693 920.0719382138011 917.6409815089644 8.529326610708155 885.3939658839099
13782 740.0341 2720.7842 908.7994276381439 907.7489539337523 11.412606990303109 887.0721171070309
13807 1334.5098 2723.1472 928.5867654064649 924.8474281919896 20.27568795636589 884.9025872290849
13816 1920.2247 2713.1411 1139.3845376660709 1134.3686720823907 71.91909092103035 887.8361530890229
13976 1838.2966 2707.1516 903.5417235153033 901.2611367633982 6.431935039720116 886.0778950263345
13990 1289.3584 2707.6631 892.8502470777173 892.9189451442969 3.3731932056299736 884.975238648139
13993 1016.5845 2707.365 901.6570354190868 899.4216065433787 9.451293051496942 885.0541419617529
13994 1013.5103 2695.2493 902.6112230234788 900.625706030387 7.823536297474471 885.0506339522336
14004 1568.7297 2704.7407 894.9780257910368 893.6082806398241 4.67338142047823 885.148034776911
14051 1763.576 2700.1504 910.8869494721827 910.233908347285 11.260537264047642 885.1679135574328
14110 1345.8927 2694.8354 919.049107692406 921.465218648104 11.585720939938534 885.143565072029
14219 1521.3383 2682.9644 929.9190315974782 926.6167638350821 18.574289832257328 885.1608832060033
14320 1598.1337 2674.4949 918.6981771888989 912.80219089316 20.454825458179414 885.1801190981633
14521 1900.3074 2651.8142 919.7490857754505 916.6680813830947 14.597475151705943 885.409429074697
14587 1809.0349 2648.7385 897.5913849437391 897.2585252308807 5.812617006748047 885.0746732724813
14627 1365.7802 2642.5952 907.8925190482827 905.7519142352623 9.14716779599016 884.6801315775126
14747 644.006 2621.9109 903.929146830055 903.9626555650451 3.549440788971214 887.8864130736629
14827 1091.7407 2625.2095 894.174079051138 894.2102150966177 3.544668747432281 885.3461574064379
14830 620.2756 2572.6479 964.5713522078336 960.7670062532495 16.86914072520962 886.7636670143338
14840 1681.37 2629.3135 896.7320134706939 896.2990878174282 4.718313171934656 885.39218190128
14910 1240.3163 2617.6853 896.5992234300302 896.1451044890555 5.352419569280514 884.5561728457506
14917 1717.4871 2615.7534 900.7631965668544 898.6139923243527 10.90171144667435 885.2377822093856
14918 1725.5768 2602.8474 919.6419721451624 919.7290409541278 5.772345357200891 884.9662835294598
14983 732.5339 2610.835 894.0420035820713 893.2792721231336 4.538639449730938 885.5761312257787
14999 1441.8634 2603.9258 902.7917303922732 902.0166642039633 4.499495087716529 884.1698237646899
15001 1005.4443 2608.3901 902.0103775498397 901.1397644352531 6.970828784131298 886.0615970278869
15003 1013.6156 2588.6313 930.943365171392 929.8325892411891 14.869820788743505 886.2828225052853
15093 1986.1638 2599.2083 900.8677934697431 900.6072882268999 5.288919619177668 885.3275686266635
15118 1191.0503 2598.6885 894.5510848498598 894.742784610843 3.2742009998087807 884.9900302377876
15122 980.2866 2583.5857 939.2499620035534 936.206276436975 14.390832349458275 885.4339462359604
15191 1536.7106 2578.1077 906.1063449751329 908.7394561619727 10.304123607734764 884.5490673909728
15207 801.2647 2585.6167 905.2760429137451 904.3094977410647 8.041388926142778 885.2219605537827
15288 991.111 2596.991 900.6614138774772 900.8512152713054 3.964151767796018 885.1450176484941
15351 1483.7047 2574.9275 893.3990786179743 893.759169891325 3.0721513859974126 884.1054233188621
15413 1991.8824 2568.7302 897.0704646857704 896.4926153976874 5.437456894076979 885.2776024336266
15541 1218.9075 2554.3479 893.948715275043 893.6969332226693 3.947359904650613 884.5840792844772
15605 1951.2766 2549.6548 892.4316353654483 892.3473313543553 2.4915671808768147 884.8978002781027
15684 1881.8368 2531.9482 1018.9465159204839 1013.8382354697575 30.25341034167389 884.9519247639544
15705 1069.3336 2518.0242 1360.128925726043 1353.0262180740274 179.4596435462384 885.0433476040157
15739 1971.1545 2531.2065 908.1082962505811 906.5743896356311 8.007629959282658 884.8640406568297
15757 1008.8286 2529.7522 898.938543499164 898.0247595400875 6.76554528967453 885.8390776281548
15767 838.7173 2530.842 899.5231579591057 898.3924069133951 5.631358132849236 884.3509844250073
15940 1035.8015 2514.8115 895.0633136291694 894.7598876452339 4.948817744679731 886.1183698532996
15991 611.3099 2510.5393 895.8934546394476 896.5883961349311 5.610528957219056 885.6873017753124
16043 1898.9308 2504.7349 898.4131250762425 898.1714569713995 3.6505292589938936 886.1168571769169
16044 1909.6105 2496.0696 935.7537681989081 936.5055586854901 12.010118596331434 884.8878020969566
16104 1195.2046 2493.4031 918.456292667245 917.1802425175874 10.400242759014215 884.7177315370819
16170 1712.8558 2481.7866 972.3958464945275 971.0295256014965 25.45551405846121 884.9366590922546
16567 1764.671 2425.3845 984.6362580756934 976.186954063041 38.74492699209284 884.5466404503826
16569 1767.0017 2448.4153 948.7001371430213 944.57277554557 15.429865975271351 886.1482413290105
16623 1655.0708 2449.2263 893.9252153869046 893.9471248116998 4.55879571472935 885.4168536558589
16726 1667.5159 2435.8845 911.0682243081056 907.5612823883649 12.792465576365387 884.7920802829211
16784 1829.2886 2421.562 902.6173938902166 902.1690481314897 3.9388505401762526 884.4889602304501
16788 1798.306 2426.8828 956.8211567595665 954.618001947331 16.494836095347054 885.5359335932268
16790 1595.8521 2422.0151 951.85427239356 951.9129484377547 17.092808632015597 884.8127472841934
16791 1621.4436 2401.9697 1280.8696174248262 1267.586663449692 162.06347321005902 886.0648925501521
16811 1896.6099 2429.052 898.3235226621949 898.443429683924 3.9248106717096904 884.5505330497529
16872 1031.0527 2424.0571 892.9189844852191 892.9132786276311 4.146416968873562 884.8847412058913
16874 964.1187 2411.3003 918.8805735015801 917.3365171674511 10.84608950220387 885.3578538435577
16993 1261.389 2395.5132 1010.4503401173843 1007.8073640941417 38.4653152248044 884.5260774214412
17022 896.2991 2408.4128 893.676379700432 892.9153820955812 5.11689641857702 885.8467069144672
17261 613.6288 2380.7207 906.3396572795231 904.1982504064807 14.61357750653287 884.803324993245
17563 1912.2239 2350.3752 930.6499100387089 917.5855323542995 30.038697807501176 884.4277996863926
17642 1024.7124 2344.7625 909.1454326872039 907.5197642394573 8.243999005361315 884.590540358962
17788 1174.3922 2326.3896 969.2645894802517 958.0496346109938 40.04304594936596 884.6829844949742
17957 1956.0555 2315.4885 902.71800540122 901.9107364580437 5.002187007076026 885.2487167699074
18095 1156.0093 2294.1357 1080.3814672241838 1077.4333098989214 50.33689058142635 884.5295074471571
18152 1551.6842 2297.8535 894.0839354536085 894.2465558185842 3.4898335819132016 884.2464902975601
18405 621.4919 2270.3916 912.4256528607057 912.5942446540997 11.966097455182448 884.1510483177536
18422 1072.8439 2265.8364 912.4957091373972 913.5968496387528 10.650108826419341 884.6169002854863
18466 1503.5931 2266.1174 896.5017076223821 895.0156004653079 7.362420959232357 884.8439204819322
18737 1316.7612 2236.6504 894.4613607665847 894.0856172047843 4.050724736698965 883.7198224500676
18840 959.9086 2211.1467 1478.0361581801353 1418.875217726275 300.65498545822913 884.6372964870443
18984 839.913 2203.8826 983.3263513282233 985.0941276093672 32.85049942559088 884.7344947934835
19078 1872.1516 2201.1743 898.7439218867321 898.715567164797 3.943110410909127 884.0130313025204
19090 736.0536 2195.468 909.978749432132 908.4981932367939 7.772872779731096 883.9625175339693
19108 1363.7529 2196.811 912.8345984400744 912.5688393366515 8.86717613098477 883.8894990101434
19493 1425.6667 2158.5706 896.6862625988995 896.8764575965599 3.1085136860046534 883.9462599430453
19595 1135.8125 2140.0408 1151.3317796772099 1150.64744839689 65.96708487194057 884.6019761168448
19676 1243.3312 2142.7761 896.1049620186952 895.1932214026499 4.038922229302277 884.3446228768821
19930 1573.3817 2115.9575 910.7513701461421 910.9024929924116 10.392153479328252 884.7015735101083
19931 1577.657 2087.0212 1088.9761728740575 1062.1952949318797 104.9669248034944 884.7292419723678
19954 601.2157 2107.1394 1014.012103876348 1016.0690012911505 46.68058736905107 883.8781157976041
20019 1812.3226 2096.0542 898.2869208396219 898.3555536157908 5.36494061512269 883.7809984407965
20033 1277.8452 2106.8186 906.629584482919 904.915692599843 9.642558885931141 883.7568304143159
20112 1730.5696 2070.7893 941.755643610819 937.5512786181616 19.95623772814536 883.8601554166484
20143 824.9482 2096.6387 895.9714362882112 894.7525454760051 6.824810343666281 884.3554472779124
20266 1986.5842 2079.3481 932.0326687180863 932.3203484400829 11.98445560035051 884.1922524965096
20520 1490.296 2053.8037 1017.1139474010482 1008.8764778273917 57.17929958168225 885.1138762636441
20533 829.8643 2053.3157 932.3353156033933 922.5704685234899 25.85038593049595 884.7254031442085
20622 1314.0791 2053.1929 894.7058228927561 894.7965375623021 3.885546904767332 883.9882723146021
20650 1837.395 2047.9969 909.204116640654 908.6447965381064 7.769467690033969 883.281526829506
20677 1557.8351 2046.598 904.7437518812407 904.4882166615289 6.996747038929781 885.3690036473781
20678 1172.3502 2047.7201 891.3279391229911 891.4177119043823 2.822896982299629 884.0298206881392
20693 716.547 2047.4352 893.907776500787 892.5777998966214 6.0393865056240115 883.5966835116529
20711 1520.2769 2041.7483 917.4835961201251 917.0499380758945 12.054521012112852 885.7681210506723
21083 827.4995 2007.8021 925.1456603080683 914.9252196339203 24.000531481373645 884.48835551916
21084 807.6149 1990.676 962.2029607833198 964.2933674460706 20.132869258014363 883.9940378384756
21127 1678.4635 2009.5653 910.4539115550095 910.3927690479698 7.466927382038221 883.4205264897917
21149 1761.9008 2001.2129 911.9030805195197 911.0084458758157 6.804424647703371 883.6221723046542
21160 961.33 2004.1576 891.3107092898701 891.1528272543189 4.548393378691941 883.6991433840174
21172 661.3079 1995.3284 907.8865275452225 907.1393412321447 7.795620992999809 883.3811643295594
21266 604.717 1993.173 900.6606818171534 897.0637599434317 10.039556411551715 883.4858270192142
21274 1532.1282 1986.7023 1000.6240744789127 986.9213562070365 53.075516301433844 884.6468443879846
21373 753.6533 1980.7382 914.5787612610994 912.2598713137338 13.059851422395043 883.8932741120775
21374 768.3755 1974.813 1005.4782651906191 995.4179849920281 46.23253775167877 883.9216359829257
21397 1930.46 1975.5778 892.966246433058 892.713395570036 2.997632059271148 882.8738636921744
21426 1583.8698 1975.8047 910.9364188888593 909.1896769341106 10.31577909752025 887.2314567700205
21686 1030.9619 1944.4434 904.1469476010625 903.7368113225941 7.762203236047949 884.1841784867388
21720 1567.9167 1948.7212 895.8761842691009 895.7235558466642 3.4321485458120993 883.894063116649
21722 1552.4526 1946.8628 912.5231083249685 911.9952573441495 9.228484665269436 883.7115656579964
21725 749.964 1949.1304 893.4659860663104 893.4576085747419 4.785436936103893 884.4665823916781
21771 1456.7004 1940.7678 928.9143661493706 931.4135168896519 12.088270961319369 883.9981144638585
21772 1162.6694 1943.6257 915.7364155901676 915.6278116636063 9.850098874253764 884.3834542592871
21860 1627.8517 1935.8857 891.0518002806526 891.0217420527772 2.9514179333992936 883.5141923760136
21875 956.2343 1934.3474 896.7730425874691 895.8164350897143 6.6210763839538 883.3715255546059
21999 731.6035 1920.057 928.1351015680349 919.3096789392557 24.60484889720684 883.9695549830277
22036 1296.702 1892.5483 1040.974167114885 1038.0709800937448 50.42894217107174 884.2855635534762
22066 1178.7798 1916.8813 896.6548111982556 896.4032392365157 4.225211385752331 883.9273700880632
22076 1844.8573 1914.5134 904.72687750653 903.9923168722229 6.476422376747723 882.7808879176441
22086 1271.8752 1903.2245 1112.5017257455147 1076.3114604649793 119.41394342640223 883.3333184908198
22114 887.8351 1913.3582 893.7697099721623 892.9307188065018 5.181609837645929 883.3646752563993
22131 1362.1052 1910.9943 893.0095978416824 891.7569701082693 4.254387896317013 883.8327388192808
22193 1067.627 1906.1884 899.8328555572963 897.4983578313934 8.659045426074671 883.9781995959962
22245 1879.8832 1902.1311 894.8293896286997 893.424696034969 7.459811436687736 882.684833578832
22310 856.5429 1896.9178 893.9985089442644 894.435465341355 4.110454492324572 883.9006044028556
22356 1037.0144 1889.9584 906.3909072563696 907.6936263344815 8.619592555817109 883.7845363693646
22473 760.7856 1872.3295 1055.6511174040384 1045.1021276349504 51.71323482552723 883.7749671514057
22579 1524.3466 1873.4485 892.9306031584703 892.9339914995397 4.217263980238533 883.6702772369684
22590 1963.3334 1869.2192 910.7849942067774 910.6667411789392 9.303096738035926 882.7273364454135
22650 1320.1912 1863.0049 900.7002985127201 899.4898554519731 5.765460575942878 884.6331896295072
22750 1513.4728 1854.0327 899.5831082626053 899.0405867871953 5.214725807916094 884.0846900561305
22824 1273.3276 1845.8104 893.6349291792269 891.725657218518 6.540546988733631 884.3975319055728
22867 1825.1058 1842.323 893.4410798563231 893.5661558956092 2.8217133402052665 883.1774619923715
23021 1590.702 1822.5543 946.396274382289 945.4563054577114 21.544060742478493 883.6757929528031
23024 1334.265 1819.4734 895.8585678720669 896.0357174663114 4.674911604098457 883.6450951904881
23042 1494.4974 1823.6055 907.1323271657128 906.6043860157973 7.187996057738651 883.9969589573399
23101 1235.4828 1821.1619 897.116860378152 894.5353383786651 8.454591735992814 883.756045891062
23118 720.0708 1818.14 902.5032205769098 897.6650714247045 13.38448812434074 883.6323228354145
23436 608.914 1787.9751 902.6497613074424 903.0563752013493 6.08004153464622 884.73491870929
23437 603.1481 1776.4572 901.299513387944 897.5784231404726 12.256236516995608 884.7514354660336
23447 1854.3602 1785.2209 925.6543346030055 922.3254584008492 13.790377663731652 883.4921424258698
23448 1824.7927 1759.9651 955.6430550410203 954.4407631601025 17.929145828878426 883.5164666598881
23461 1390.5068 1787.8232 893.758622274823 894.1058043897947 3.605311646112752 883.8457166167059
23603 1589.4176 1769.9991 916.652495273818 915.6202777368736 13.584324203902177 883.9388481805317
23726 1614.118 1762.3239 903.6679227322747 903.2989572634492 5.287790218867828 883.9955554561977
23781 1530.274 1756.7828 902.5644191779353 900.1772341219859 8.828265798367323 883.8284888635897
23810 1995.4669 1744.4938 1118.4250939273022 1113.459688673608 69.64092219983763 882.8934635313574
24088 1292.6627 1728.9109 892.6525437231737 892.223088706608 3.338484652770524 883.6177604144792
24317 1085.4406 1707.0906 895.9741021420253 895.8203501483882 4.559107931542567 883.920435911374
24318 1071.0194 1704.34 898.2605824569556 896.993368762798 6.311294185611749 884.2439689826394
24421 992.5187 1693.3467 938.8923767369884 936.0786148636382 22.24553878554496 883.8538338898834
24464 1121.3958 1682.7349 969.0214655258912 966.6992590393588 21.841662449974596 883.8560982621786
24753 1397.2083 1660.0938 904.4021003605866 903.606531414267 8.197955945244118 884.3125748235113
24769 1740.0813 1653.7866 945.3965027275676 941.3412035122165 21.771518071176878 884.3640842160825
24786 601.9357 1658.0806 907.0939857742732 905.0530571085437 12.793032992983388 883.558821163632
24843 1691.7736 1653.7963 889.7498623384259 889.8218258699832 3.0632065795313097 884.0018692650331
24855 1979.2518 1651.5336 899.7009680230851 896.3722656772743 10.04643093795716 883.3963342339723
24993 1449.2028 1625.3021 1044.8418447568974 1041.1131067340289 43.791111283950684 884.5349768423033
25235 1522.3668 1616.3749 897.5036962233065 896.2222451101521 4.41956674170864 883.8807883862808
25237 1167.3528 1616.74 890.011690321327 889.5900325993814 2.900021161491796 883.5500228298736
25314 1081.3612 1609.2633 890.2958016216777 889.927688027104 4.053916968282886 883.755644699715
11019 1637.739 2975.6692 3042.596150519783 3042.2579320973414 449.73631461538133 886.6274768346236
11384 1016.5814 2938.4541 2124.565010153944 2100.241041304701 371.37594550734457 886.2550429965777
11617 1149.5371 2915.1829 1878.1867427505601 1833.3678088017386 266.51912867357595 886.8110215118325
13075 1922.5291 2790.8242 4583.014293475705 4229.155541249329 1507.6880143069884 887.3998665620873
13181 801.3793 2767.6765 2252.741732096168 2179.2683722497695 356.775816261218 885.9372996322219
14037 1237.47 2700.2307 918.9356855172691 913.6652828929189 22.385164117489236 884.793989393738
14749 610.3319 2612.9285 1926.0041974695864 1858.9522055381576 283.0998360765143 885.8832429472238
15356 974.053 2587.4751 901.4105301546372 901.3545588085494 6.86815286061686 885.1505966815686
15706 1077.0831 2508.7185 925.5318280536362 924.8852491702835 13.458891948506453 886.9332763875204
16994 1141.3695 2410.5889 896.6929522512758 896.1994939683478 4.712464363665422 884.5831675320588
17421 897.8304 2346.7397 2049.275044231029 2051.1994397351204 269.0723914362565 884.9161977638531
17958 1945.9363 2290.8757 1571.7045384036392 1482.3409877427316 248.40640532216057 884.6948348239005
18886 1481.7998 2205.2131 1445.1811045902978 1442.7508067489891 115.6863375542329 883.7688111921398
20034 1294.0787 2095.8555 913.8342167518686 911.6028469822307 11.142390099158042 883.9233453205262
20661 1738.4625 2086.4851 975.3725324330105 969.6196013563302 24.61369380830942 884.0533905947165
20818 1743.9857 2085.9702 960.8661601200472 961.2700112562262 7.502706862423872 884.429311095758
21042 1108.9244 2000.9932 1168.3285758992356 1166.510283985995 68.35790851801836 884.1517327738313
24465 1100.0153 1689.5441 912.9508848134896 911.5314500861545 8.216913972113584 884.3482808384083
